20.0	0.0038899606351091116
18.0	0.003818645012828463
16.0	0.006021950352790995
14.0	0.0063002333265007576
12.0	0.00931414585045574
10.0	0.011135704646094879
8.0	0.015868528210005926
6.0	0.021271838325106984
4.0	0.026592405498731046
2.0	0.03360003524843515
0.0	0.043459603596883695
-2.0	0.051228138968682384
-4.0	0.06248539985670415
-6.0	0.06867897334900563
-8.0	0.07094849345461432
-10.0	0.07677719616604034
-12.0	0.0772468045651805
-14.0	0.07556089792768003
-16.0	0.07774940169683546
-18.0	0.0860611891791009
-20.0	0.07829328983011666
