20.0	1.9683283040042823e-11
18.0	4.7588168277802485e-11
16.0	1.4574372641816428e-10
14.0	5.836551945186552e-10
12.0	2.305661360749372e-9
10.0	9.109459531607871e-9
8.0	5.0749655112420576e-8
6.0	3.1858984307296687e-7
4.0	1.6435159094969411e-6
2.0	8.142050262025396e-6
0.0	2.6941225888768985e-5
-2.0	8.89596943878615e-5
-4.0	2.5838678155654934e-4
-6.0	6.771207959473569e-4
-8.0	0.0024124816751042682
-10.0	0.008616753231388283
-12.0	0.020267256624612488
-14.0	0.03652519559749496
-16.0	0.055084415113966174
-18.0	0.06143968081277758
-20.0	0.07140709896549627
