20.0	1.0294769139370818e-10
18.0	1.9450145770011433e-10
16.0	5.025660033078652e-10
14.0	1.412031232502372e-9
12.0	4.927182485362538e-9
10.0	2.2445281728769453e-8
8.0	1.1385311946673946e-7
6.0	6.422547239162716e-7
4.0	3.3885820778181497e-6
2.0	1.3336468900416246e-5
0.0	5.574660163514413e-5
-2.0	1.966454092234582e-4
-4.0	5.859859212170191e-4
-6.0	0.0017794514057887035
-8.0	0.005454734549348581
-10.0	0.016012499111485255
-12.0	0.030973173113699987
-14.0	0.046597654842021614
-16.0	0.05949660706266542
-18.0	0.07441409426300054
-20.0	0.07852173554751642
