20.0	5.5541683519813635e-12
18.0	1.7084572499816967e-11
16.0	7.105909095736896e-11
14.0	2.8162671320725584e-10
12.0	1.1416659540424013e-9
10.0	5.209543930828262e-9
8.0	2.6294490868903068e-8
6.0	1.5560220064950458e-7
4.0	8.208505443070749e-7
2.0	3.7642626414607148e-6
0.0	1.3239649707312427e-5
-2.0	4.216897761760971e-5
-4.0	1.214700795077653e-4
-6.0	3.550480783463158e-4
-8.0	9.664760854408805e-4
-10.0	0.003117705810870833
-12.0	0.009092039994265874
-14.0	0.02187062635564522
-16.0	0.041314437103542344
-18.0	0.05126191775140232
-20.0	0.0656257805399831
