20.0	1.3756137736907278e-12
18.0	2.282724768873915e-12
16.0	3.3958746083747287e-12
14.0	5.7812616811354164e-12
12.0	8.84401306595537e-12
10.0	1.4863094738963e-11
8.0	2.1491395515571306e-11
6.0	3.630039102711307e-11
4.0	5.749174906179129e-11
2.0	8.791616289536399e-11
0.0	1.463943010096519e-10
-2.0	2.2506087760343255e-10
-4.0	3.8329693088107984e-10
-6.0	5.829219714972791e-10
-8.0	8.806315732898966e-10
-10.0	1.4856934637627445e-9
-12.0	2.3202940978213387e-9
-14.0	9.035347113825606e-5
-16.0	8.96618809985318e-4
-18.0	0.010470966198391175
-20.0	0.032093653600719675
