20.0	3.471134369760392e-7
18.0	5.716637682849648e-7
16.0	9.595038804484298e-7
14.0	1.5307809757183118e-6
12.0	2.4544614350599686e-6
10.0	3.942680797446356e-6
8.0	5.935952580314585e-6
6.0	9.130205345873163e-6
4.0	1.5265225163497724e-5
2.0	3.64992935849008e-4
0.0	9.246550335493597e-4
-2.0	0.00559763424811477
-4.0	0.01725474479784408
-6.0	0.0347493686638973
-8.0	0.048347746083621454
-10.0	0.06528667309222463
-12.0	0.06836944168019286
-14.0	0.07235473240657285
-16.0	0.07881035922490648
-18.0	0.0775919926689675
-20.0	0.08270315502091254
