20.0	5.371099789146847e-9
18.0	8.99348436115266e-9
16.0	1.4416421433505477e-8
14.0	2.2811500333666172e-8
12.0	3.6293690817199376e-8
10.0	5.4045543123687916e-8
8.0	9.554379287377056e-8
6.0	1.5303258059024644e-7
4.0	2.5507926456142467e-7
2.0	3.762592680294363e-7
0.0	5.899141804536448e-7
-2.0	9.444303670607736e-7
-4.0	4.14381740938506e-5
-6.0	0.0030090355636284904
-8.0	0.013165927397209261
-10.0	0.0325454404809372
-12.0	0.04874272280483396
-14.0	0.06656898052000403
-16.0	0.06815969402594882
-18.0	0.08039312069620275
-20.0	0.07765771052862243
