20.0	8.99952225656266e-11
18.0	1.3481352443356043e-10
16.0	2.1727722717292824e-10
14.0	3.372258178002122e-10
12.0	6.161377332084168e-10
10.0	9.563386111110186e-10
8.0	1.5394821880454688e-9
6.0	2.7567290918718664e-9
4.0	5.033922599969511e-9
2.0	9.127616972509067e-9
0.0	1.726002857523682e-8
-2.0	2.9769587706329984e-8
-4.0	4.8398328210493577e-8
-6.0	8.398297323585249e-8
-8.0	1.1580307453275577e-7
-10.0	7.762471342782185e-4
-12.0	0.009223574356534989
-14.0	0.028153883793252215
-16.0	0.05229248470791923
-18.0	0.06695040200922371
-20.0	0.07526250608373222
