2.000000e+01 9.058958e-11
1.800000e+01 1.435748e-10
1.600000e+01 2.275507e-10
1.400000e+01 3.682358e-10
1.200000e+01 5.913990e-10
1.000000e+01 9.594893e-10
8.000000e+00 1.595057e-09
6.000000e+00 2.794202e-09
4.000000e+00 5.139404e-09
2.000000e+00 9.414664e-09
0.000000e+00 1.657657e-08
-2.000000e+00 2.803935e-08
-4.000000e+00 4.611524e-08
-6.000000e+00 7.456329e-08
-8.000000e+00 1.193986e-07
-1.000000e+01 1.901773e-07
-1.200000e+01 3.020467e-07
-1.400000e+01 4.790051e-07
-1.600000e+01 7.590719e-07
-1.800000e+01 1.202485e-06
-2.000000e+01 1.904688e-06
