2.000000e+01 5.799060e-09
1.800000e+01 9.190891e-09
1.600000e+01 1.456658e-08
1.400000e+01 2.356709e-08
1.200000e+01 3.784954e-08
1.000000e+01 6.140731e-08
8.000000e+00 1.020836e-07
6.000000e+00 1.788289e-07
4.000000e+00 3.289218e-07
2.000000e+00 6.025385e-07
0.000000e+00 1.060900e-06
-2.000000e+00 1.794518e-06
-4.000000e+00 2.951375e-06
-6.000000e+00 4.772051e-06
-8.000000e+00 7.641513e-06
-1.000000e+01 1.217135e-05
-1.200000e+01 1.933099e-05
-1.400000e+01 3.065632e-05
-1.600000e+01 4.858060e-05
-1.800000e+01 7.695901e-05
-2.000000e+01 1.219001e-04
