2.000000e+01 3.725044e-07
1.800000e+01 5.903796e-07
1.600000e+01 9.356886e-07
1.400000e+01 1.482967e-06
1.200000e+01 2.350344e-06
1.000000e+01 3.725044e-06
8.000000e+00 5.903796e-06
6.000000e+00 9.356886e-06
4.000000e+00 1.482967e-05
2.000000e+00 2.350344e-05
0.000000e+00 3.725044e-05
-2.000000e+00 5.903796e-05
-4.000000e+00 9.356886e-05
-6.000000e+00 1.482967e-04
-8.000000e+00 2.350344e-04
-1.000000e+01 3.725044e-04
-1.200000e+01 5.903796e-04
-1.400000e+01 9.356886e-04
-1.600000e+01 1.482967e-03
-1.800000e+01 2.350344e-03
-2.000000e+01 3.725044e-03
