2.000000e+01 1.415442e-12
1.800000e+01 2.243324e-12
1.600000e+01 3.555429e-12
1.400000e+01 5.634976e-12
1.200000e+01 8.930835e-12
1.000000e+01 1.415442e-11
8.000000e+00 2.243324e-11
6.000000e+00 3.555429e-11
4.000000e+00 5.634976e-11
2.000000e+00 8.930835e-11
0.000000e+00 1.415442e-10
-2.000000e+00 2.243324e-10
-4.000000e+00 3.555429e-10
-6.000000e+00 5.634976e-10
-8.000000e+00 8.930835e-10
-1.000000e+01 1.415442e-09
-1.200000e+01 2.243324e-09
-1.400000e+01 3.555429e-09
-1.600000e+01 5.634976e-09
-1.800000e+01 8.930835e-09
-2.000000e+01 1.415442e-08
