2.000000e+01 9.058958e-11
1.800000e+01 1.435748e-10
1.600000e+01 2.275507e-10
1.400000e+01 3.606436e-10
1.200000e+01 5.715816e-10
1.000000e+01 9.058958e-10
8.000000e+00 1.435748e-09
6.000000e+00 2.275507e-09
4.000000e+00 3.606436e-09
2.000000e+00 5.715816e-09
0.000000e+00 9.058958e-09
-2.000000e+00 1.435748e-08
-4.000000e+00 2.275507e-08
-6.000000e+00 3.606436e-08
-8.000000e+00 5.715816e-08
-1.000000e+01 9.058958e-08
-1.200000e+01 1.435748e-07
-1.400000e+01 2.275507e-07
-1.600000e+01 3.606436e-07
-1.800000e+01 5.715816e-07
-2.000000e+01 9.058958e-07
