2.000000e+01 5.799060e-09
1.800000e+01 9.190891e-09
1.600000e+01 1.456658e-08
1.400000e+01 2.308648e-08
1.200000e+01 3.658960e-08
1.000000e+01 5.799060e-08
8.000000e+00 9.190891e-08
6.000000e+00 1.456658e-07
4.000000e+00 2.308648e-07
2.000000e+00 3.658960e-07
0.000000e+00 5.799060e-07
-2.000000e+00 9.190891e-07
-4.000000e+00 1.456658e-06
-6.000000e+00 2.308648e-06
-8.000000e+00 3.658960e-06
-1.000000e+01 5.799060e-06
-1.200000e+01 9.190891e-06
-1.400000e+01 1.456658e-05
-1.600000e+01 2.308648e-05
-1.800000e+01 3.658960e-05
-2.000000e+01 5.799060e-05
