20.0	0.0038283460389878132
18.0	0.0036569606308649557
16.0	0.005344959572237458
14.0	0.007702275405796371
12.0	0.009683131605913381
10.0	0.01065327186091598
8.0	0.015876122902415968
6.0	0.018316617532354664
4.0	0.02033055778551541
2.0	0.03336124630296264
0.0	0.04004927241512813
-2.0	0.05200298123550435
-4.0	0.05608139842808369
-6.0	0.06885910272489754
-8.0	0.07378635384214906
-10.0	0.0743776870280251
-12.0	0.07700855490275806
-14.0	0.07725704449191341
-16.0	0.07877290715522728
-18.0	0.08721270359755084
-20.0	0.08075628514029572
