20.0	0.004985822014657275
18.0	0.004749654547131646
16.0	0.0043465623792774246
14.0	0.007253576694213382
12.0	0.009918714039228674
10.0	0.011938683977312715
8.0	0.014208301165611748
6.0	0.01784669357252443
4.0	0.026322660913795322
2.0	0.03206374724007887
0.0	0.040516314574475326
-2.0	0.048953693233743864
-4.0	0.06111325268353292
-6.0	0.06755505715025308
-8.0	0.07022782618962457
-10.0	0.07473460396659655
-12.0	0.08149267249549481
-14.0	0.08218114077305433
-16.0	0.08455004036752263
-18.0	0.0845121453486494
-20.0	0.08391899607954914
