20.0	1.0512057386254966e-11
18.0	1.8984755197965462e-11
16.0	2.8677102501042108e-11
14.0	4.5490892363708653e-11
12.0	7.369522005086531e-11
10.0	1.1659301245153974e-10
8.0	1.7407545151596525e-10
6.0	2.7498970506898327e-10
4.0	4.5253861230584716e-10
2.0	7.075237331203352e-10
0.0	1.0716138673748545e-9
-2.0	1.8184710724248661e-9
-4.0	3.0589970703245404e-9
-6.0	4.7306979148533695e-9
-8.0	8.040649768548585e-9
-10.0	1.1712795994955576e-8
-12.0	9.510877673909353e-8
-14.0	0.003252831348732448
-16.0	0.017254258661241
-18.0	0.04060182473150073
-20.0	0.059926748677038975
